00 1F 24 44 24 1F 00 00
00 7F 49 49 49 36 00 00
00 3E 41 41 41 22 00 00
00 7F 41 41 41 3E 00 00
00 7F 49 49 49 41 00 00
00 7F 48 48 48 40 00 00
00 3E 41 41 45 47 00 00
00 7F 08 08 08 7F 00 00
00 00 41 7F 41 00 00 00
00 02 01 01 01 7E 00 00
00 7F 08 14 22 41 00 00
00 7F 01 01 01 01 00 00
00 7F 20 18 20 7F 00 00
00 7F 10 08 04 7F 00 00
00 3E 41 41 41 3E 00 00
00 7F 48 48 48 30 00 00
00 3E 41 45 42 3D 00 00
00 7F 48 4C 4A 31 00 00
00 32 49 49 49 26 00 00
00 40 40 7F 40 40 00 00
00 7E 01 01 01 7E 00 00
00 7C 02 01 02 7C 00 00
00 7F 02 0C 02 7F 00 00
00 63 14 08 14 63 00 00
00 60 10 0F 10 60 00 00
00 43 45 49 51 61 00 00
00 3E 45 49 51 3E 00 00
00 00 21 7F 01 00 00 00
00 23 45 49 49 31 00 00
00 42 41 49 59 66 00 00
00 0C 14 24 7F 04 00 00
00 72 51 51 51 4E 00 00
00 1E 29 49 49 46 00 00
00 40 47 48 50 60 00 00
00 36 49 49 49 36 00 00
00 31 49 49 4A 3C 00 00
00 08 14 22 41 00 00 00
00 00 41 22 14 08 00 00
00 00 00 00 00 00 00 00
00 14 14 14 14 14 00 00
00 20 40 4D 50 20 00 00
00 08 08 08 08 08 00 00
